# Analysing data contained in file(s) ['example_output/free/run001/vanish/output/lambda_0.000/simfile.dat', 'example_output/free/run001/vanish/output/lambda_0.028/simfile.dat', 'example_output/free/run001/vanish/output/lambda_0.056/simfile.dat', 'example_output/free/run001/vanish/output/lambda_0.111/simfile.dat', 'example_output/free/run001/vanish/output/lambda_0.167/simfile.dat', 'example_output/free/run001/vanish/output/lambda_0.222/simfile.dat', 'example_output/free/run001/vanish/output/lambda_0.278/simfile.dat', 'example_output/free/run001/vanish/output/lambda_0.333/simfile.dat', 'example_output/free/run001/vanish/output/lambda_0.389/simfile.dat', 'example_output/free/run001/vanish/output/lambda_0.444/simfile.dat', 'example_output/free/run001/vanish/output/lambda_0.500/simfile.dat', 'example_output/free/run001/vanish/output/lambda_0.556/simfile.dat', 'example_output/free/run001/vanish/output/lambda_0.611/simfile.dat', 'example_output/free/run001/vanish/output/lambda_0.667/simfile.dat', 'example_output/free/run001/vanish/output/lambda_0.722/simfile.dat', 'example_output/free/run001/vanish/output/lambda_0.778/simfile.dat', 'example_output/free/run001/vanish/output/lambda_0.889/simfile.dat', 'example_output/free/run001/vanish/output/lambda_1.000/simfile.dat']
#Overlap matrix
0.7048 0.2546 0.0403 0.0003 0.0000 0.0000 0.0000 0.0000 0.0000 0.0000 0.0000 0.0000 0.0000 0.0000 0.0000 0.0000 0.0000 0.0000
0.2546 0.4652 0.2696 0.0106 0.0001 0.0000 0.0000 0.0000 0.0000 0.0000 0.0000 0.0000 0.0000 0.0000 0.0000 0.0000 0.0000 0.0000
0.0403 0.2696 0.5510 0.1366 0.0024 0.0000 0.0000 0.0000 0.0000 0.0000 0.0000 0.0000 0.0000 0.0000 0.0000 0.0000 0.0000 0.0000
0.0003 0.0106 0.1366 0.6959 0.1534 0.0032 0.0000 0.0000 0.0000 0.0000 0.0000 0.0000 0.0000 0.0000 0.0000 0.0000 0.0000 0.0000
0.0000 0.0001 0.0024 0.1534 0.6769 0.1634 0.0038 0.0000 0.0000 0.0000 0.0000 0.0000 0.0000 0.0000 0.0000 0.0000 0.0000 0.0000
0.0000 0.0000 0.0000 0.0032 0.1634 0.6660 0.1633 0.0040 0.0000 0.0000 0.0000 0.0000 0.0000 0.0000 0.0000 0.0000 0.0000 0.0000
0.0000 0.0000 0.0000 0.0000 0.0038 0.1633 0.6625 0.1664 0.0039 0.0000 0.0000 0.0000 0.0000 0.0000 0.0000 0.0000 0.0000 0.0000
0.0000 0.0000 0.0000 0.0000 0.0000 0.0040 0.1664 0.6693 0.1569 0.0033 0.0000 0.0000 0.0000 0.0000 0.0000 0.0000 0.0000 0.0000
0.0000 0.0000 0.0000 0.0000 0.0000 0.0000 0.0039 0.1569 0.6753 0.1613 0.0026 0.0000 0.0000 0.0000 0.0000 0.0000 0.0000 0.0000
0.0000 0.0000 0.0000 0.0000 0.0000 0.0000 0.0000 0.0033 0.1613 0.6894 0.1431 0.0028 0.0000 0.0000 0.0000 0.0000 0.0000 0.0000
0.0000 0.0000 0.0000 0.0000 0.0000 0.0000 0.0000 0.0000 0.0026 0.1431 0.6826 0.1617 0.0094 0.0005 0.0001 0.0000 0.0000 0.0000
0.0000 0.0000 0.0000 0.0000 0.0000 0.0000 0.0000 0.0000 0.0000 0.0028 0.1617 0.5864 0.2124 0.0289 0.0044 0.0014 0.0008 0.0012
0.0000 0.0000 0.0000 0.0000 0.0000 0.0000 0.0000 0.0000 0.0000 0.0000 0.0094 0.2124 0.4588 0.2113 0.0581 0.0219 0.0127 0.0152
0.0000 0.0000 0.0000 0.0000 0.0000 0.0000 0.0000 0.0000 0.0000 0.0000 0.0005 0.0289 0.2113 0.3194 0.1919 0.1058 0.0692 0.0729
0.0000 0.0000 0.0000 0.0000 0.0000 0.0000 0.0000 0.0000 0.0000 0.0000 0.0001 0.0044 0.0581 0.1919 0.2307 0.1959 0.1604 0.1585
0.0000 0.0000 0.0000 0.0000 0.0000 0.0000 0.0000 0.0000 0.0000 0.0000 0.0000 0.0014 0.0219 0.1058 0.1959 0.2275 0.2273 0.2202
0.0000 0.0000 0.0000 0.0000 0.0000 0.0000 0.0000 0.0000 0.0000 0.0000 0.0000 0.0008 0.0127 0.0692 0.1604 0.2273 0.2664 0.2630
0.0000 0.0000 0.0000 0.0000 0.0000 0.0000 0.0000 0.0000 0.0000 0.0000 0.0000 0.0012 0.0152 0.0729 0.1585 0.2202 0.2630 0.2690
#DG from neighbouring lambda in kcal/mol
0.0000 0.0280 -6.6575 0.0134
0.0280 0.0560 -3.5977 0.0121
0.0560 0.1110 -2.2564 0.0241
0.1110 0.1670 0.3800 0.0230
0.1670 0.2220 0.8271 0.0219
0.2220 0.2780 0.6314 0.0218
0.2780 0.3330 0.1930 0.0215
0.3330 0.3890 -0.2546 0.0225
0.3890 0.4440 -0.7130 0.0222
0.4440 0.5000 -1.2242 0.0242
0.5000 0.5560 -1.4473 0.0215
0.5560 0.6110 -1.0227 0.0154
0.6110 0.6670 -0.4695 0.0114
0.6670 0.7220 0.0223 0.0070
0.7220 0.7780 0.4701 0.0037
0.7780 0.8890 1.4733 0.0025
0.8890 1.0000 1.4880 0.0011
#PMF from MBAR in kcal/mol
0.0000 0.0000 0.0000
0.0280 -6.6575 0.0134
0.0560 -10.2552 0.0215
0.1110 -12.5117 0.0352
0.1670 -12.1317 0.0447
0.2220 -11.3046 0.0519
0.2780 -10.6732 0.0582
0.3330 -10.4802 0.0637
0.3890 -10.7347 0.0691
0.4440 -11.4477 0.0741
0.5000 -12.6720 0.0794
0.5560 -14.1193 0.0835
0.6110 -15.1420 0.0861
0.6670 -15.6115 0.0877
0.7220 -15.5891 0.0885
0.7780 -15.1190 0.0888
0.8890 -13.6457 0.0890
1.0000 -12.1577 0.0890
#TI average gradients and standard deviation in kcal/mol
0.0000 -309.5264 38.1854
0.0280 -173.6647 33.7806
0.0560 -90.0634 31.3109
0.1110 -7.4344 27.2193
0.1670 13.1210 26.4572
0.2220 13.3865 25.6289
0.2780 8.6162 24.8025
0.3330 0.2053 24.9890
0.3890 -8.1686 26.4420
0.4440 -17.2798 26.8412
0.5000 -26.3217 27.7341
0.5560 -23.7903 23.3751
0.6110 -13.1061 18.7626
0.6670 -3.0151 14.7111
0.7220 4.5375 9.9743
0.7780 11.4003 5.1636
0.8890 12.9512 1.1125
1.0000 82.9681 7.1530
#PMF from TI in kcal/mol
0.0000 0.0000
0.0280 -6.7647
0.0560 -10.4569
0.1110 -13.1381
0.1670 -12.9788
0.2220 -12.2499
0.2780 -11.6338
0.3330 -11.3912
0.3890 -11.6142
0.4440 -12.3140
0.5000 -13.5349
0.5560 -14.9380
0.6110 -15.9526
0.6670 -16.4040
0.7220 -16.3622
0.7780 -15.9159
0.8890 -14.5644
1.0000 -9.2409
#MBAR free energy difference in kcal/mol: 
-12.157688, 0.088969 
#TI free energy difference in kcal/mol: 
-9.240874  
