ejm_42 ejm_49 17 0.0000,0.0625,0.1250,0.1875,0.2500,0.3125,0.3750,0.4375,0.5000,0.5625,0.6250,0.6875,0.7500,0.8125,0.8750,0.9375,1.0000 SOMD
ejm_49 ejm_42 17 0.0000,0.0625,0.1250,0.1875,0.2500,0.3125,0.3750,0.4375,0.5000,0.5625,0.6250,0.6875,0.7500,0.8125,0.8750,0.9375,1.0000 SOMD
ejm_31 ejm_49 17 0.0000,0.0625,0.1250,0.1875,0.2500,0.3125,0.3750,0.4375,0.5000,0.5625,0.6250,0.6875,0.7500,0.8125,0.8750,0.9375,1.0000 SOMD
ejm_49 ejm_31 17 0.0000,0.0625,0.1250,0.1875,0.2500,0.3125,0.3750,0.4375,0.5000,0.5625,0.6250,0.6875,0.7500,0.8125,0.8750,0.9375,1.0000 SOMD
ejm_42 ejm_48 17 0.0000,0.0625,0.1250,0.1875,0.2500,0.3125,0.3750,0.4375,0.5000,0.5625,0.6250,0.6875,0.7500,0.8125,0.8750,0.9375,1.0000 SOMD
ejm_48 ejm_42 17 0.0000,0.0625,0.1250,0.1875,0.2500,0.3125,0.3750,0.4375,0.5000,0.5625,0.6250,0.6875,0.7500,0.8125,0.8750,0.9375,1.0000 SOMD
ejm_31 ejm_48 17 0.0000,0.0625,0.1250,0.1875,0.2500,0.3125,0.3750,0.4375,0.5000,0.5625,0.6250,0.6875,0.7500,0.8125,0.8750,0.9375,1.0000 SOMD
ejm_48 ejm_31 17 0.0000,0.0625,0.1250,0.1875,0.2500,0.3125,0.3750,0.4375,0.5000,0.5625,0.6250,0.6875,0.7500,0.8125,0.8750,0.9375,1.0000 SOMD
ejm_42 ejm_47 17 0.0000,0.0625,0.1250,0.1875,0.2500,0.3125,0.3750,0.4375,0.5000,0.5625,0.6250,0.6875,0.7500,0.8125,0.8750,0.9375,1.0000 SOMD
ejm_47 ejm_42 17 0.0000,0.0625,0.1250,0.1875,0.2500,0.3125,0.3750,0.4375,0.5000,0.5625,0.6250,0.6875,0.7500,0.8125,0.8750,0.9375,1.0000 SOMD
ejm_31 ejm_47 17 0.0000,0.0625,0.1250,0.1875,0.2500,0.3125,0.3750,0.4375,0.5000,0.5625,0.6250,0.6875,0.7500,0.8125,0.8750,0.9375,1.0000 SOMD
ejm_47 ejm_31 17 0.0000,0.0625,0.1250,0.1875,0.2500,0.3125,0.3750,0.4375,0.5000,0.5625,0.6250,0.6875,0.7500,0.8125,0.8750,0.9375,1.0000 SOMD
ejm_31 jmc_23 17 0.0000,0.0625,0.1250,0.1875,0.2500,0.3125,0.3750,0.4375,0.5000,0.5625,0.6250,0.6875,0.7500,0.8125,0.8750,0.9375,1.0000 SOMD
jmc_23 ejm_31 17 0.0000,0.0625,0.1250,0.1875,0.2500,0.3125,0.3750,0.4375,0.5000,0.5625,0.6250,0.6875,0.7500,0.8125,0.8750,0.9375,1.0000 SOMD
ejm_31 ejm_46 17 0.0000,0.0625,0.1250,0.1875,0.2500,0.3125,0.3750,0.4375,0.5000,0.5625,0.6250,0.6875,0.7500,0.8125,0.8750,0.9375,1.0000 SOMD
ejm_46 ejm_31 17 0.0000,0.0625,0.1250,0.1875,0.2500,0.3125,0.3750,0.4375,0.5000,0.5625,0.6250,0.6875,0.7500,0.8125,0.8750,0.9375,1.0000 SOMD
jmc_28 jmc_30 11 0.0000,0.1000,0.2000,0.3000,0.4000,0.5000,0.6000,0.7000,0.8000,0.9000,1.0000 SOMD
jmc_30 jmc_28 11 0.0000,0.1000,0.2000,0.3000,0.4000,0.5000,0.6000,0.7000,0.8000,0.9000,1.0000 SOMD
ejm_42 ejm_44 11 0.0000,0.1000,0.2000,0.3000,0.4000,0.5000,0.6000,0.7000,0.8000,0.9000,1.0000 SOMD
ejm_44 ejm_42 11 0.0000,0.1000,0.2000,0.3000,0.4000,0.5000,0.6000,0.7000,0.8000,0.9000,1.0000 SOMD
ejm_46 jmc_30 11 0.0000,0.1000,0.2000,0.3000,0.4000,0.5000,0.6000,0.7000,0.8000,0.9000,1.0000 SOMD
jmc_30 ejm_46 11 0.0000,0.1000,0.2000,0.3000,0.4000,0.5000,0.6000,0.7000,0.8000,0.9000,1.0000 SOMD
ejm_42 ejm_54 11 0.0000,0.1000,0.2000,0.3000,0.4000,0.5000,0.6000,0.7000,0.8000,0.9000,1.0000 SOMD
ejm_54 ejm_42 11 0.0000,0.1000,0.2000,0.3000,0.4000,0.5000,0.6000,0.7000,0.8000,0.9000,1.0000 SOMD
ejm_54 ejm_55 11 0.0000,0.1000,0.2000,0.3000,0.4000,0.5000,0.6000,0.7000,0.8000,0.9000,1.0000 SOMD
ejm_55 ejm_54 11 0.0000,0.1000,0.2000,0.3000,0.4000,0.5000,0.6000,0.7000,0.8000,0.9000,1.0000 SOMD
ejm_31 ejm_42 11 0.0000,0.1000,0.2000,0.3000,0.4000,0.5000,0.6000,0.7000,0.8000,0.9000,1.0000 SOMD
ejm_42 ejm_31 11 0.0000,0.1000,0.2000,0.3000,0.4000,0.5000,0.6000,0.7000,0.8000,0.9000,1.0000 SOMD
ejm_31 ejm_50 11 0.0000,0.1000,0.2000,0.3000,0.4000,0.5000,0.6000,0.7000,0.8000,0.9000,1.0000 SOMD
ejm_50 ejm_31 11 0.0000,0.1000,0.2000,0.3000,0.4000,0.5000,0.6000,0.7000,0.8000,0.9000,1.0000 SOMD
ejm_42 ejm_43 11 0.0000,0.1000,0.2000,0.3000,0.4000,0.5000,0.6000,0.7000,0.8000,0.9000,1.0000 SOMD
ejm_43 ejm_42 11 0.0000,0.1000,0.2000,0.3000,0.4000,0.5000,0.6000,0.7000,0.8000,0.9000,1.0000 SOMD
ejm_43 ejm_44 11 0.0000,0.1000,0.2000,0.3000,0.4000,0.5000,0.6000,0.7000,0.8000,0.9000,1.0000 SOMD
ejm_44 ejm_43 11 0.0000,0.1000,0.2000,0.3000,0.4000,0.5000,0.6000,0.7000,0.8000,0.9000,1.0000 SOMD
ejm_46 jmc_28 11 0.0000,0.1000,0.2000,0.3000,0.4000,0.5000,0.6000,0.7000,0.8000,0.9000,1.0000 SOMD
jmc_28 ejm_46 11 0.0000,0.1000,0.2000,0.3000,0.4000,0.5000,0.6000,0.7000,0.8000,0.9000,1.0000 SOMD
ejm_42 ejm_50 11 0.0000,0.1000,0.2000,0.3000,0.4000,0.5000,0.6000,0.7000,0.8000,0.9000,1.0000 SOMD
ejm_50 ejm_42 11 0.0000,0.1000,0.2000,0.3000,0.4000,0.5000,0.6000,0.7000,0.8000,0.9000,1.0000 SOMD
ejm_42 ejm_55 11 0.0000,0.1000,0.2000,0.3000,0.4000,0.5000,0.6000,0.7000,0.8000,0.9000,1.0000 SOMD
ejm_55 ejm_42 11 0.0000,0.1000,0.2000,0.3000,0.4000,0.5000,0.6000,0.7000,0.8000,0.9000,1.0000 SOMD
jmc_23 jmc_27 11 0.0000,0.1000,0.2000,0.3000,0.4000,0.5000,0.6000,0.7000,0.8000,0.9000,1.0000 SOMD
jmc_27 jmc_23 11 0.0000,0.1000,0.2000,0.3000,0.4000,0.5000,0.6000,0.7000,0.8000,0.9000,1.0000 SOMD
jmc_23 jmc_28 11 0.0000,0.1000,0.2000,0.3000,0.4000,0.5000,0.6000,0.7000,0.8000,0.9000,1.0000 SOMD
jmc_28 jmc_23 11 0.0000,0.1000,0.2000,0.3000,0.4000,0.5000,0.6000,0.7000,0.8000,0.9000,1.0000 SOMD
jmc_27 jmc_28 11 0.0000,0.1000,0.2000,0.3000,0.4000,0.5000,0.6000,0.7000,0.8000,0.9000,1.0000 SOMD
jmc_28 jmc_27 11 0.0000,0.1000,0.2000,0.3000,0.4000,0.5000,0.6000,0.7000,0.8000,0.9000,1.0000 SOMD
